b7
01
00
10
b7
0c
00
20
9b
8c
0c
01
37
0d
00
20
1b
0d
8d
01
b7
0d
00
20
9b
8d
0d
02
93
02
80
04
23
80
51
00
93
02
50
06
23
80
51
00
93
02
c0
06
23
80
51
00
93
02
c0
06
23
80
51
00
93
02
f0
06
23
80
51
00
93
02
a0
00
23
80
51
00
37
02
00
20
03
04
02
00
13
14
84
00
37
02
00
20
1b
02
82
00
83
02
02
00
33
64
54
00
83
82
0c
00
e3
80
02
fe
03
14
02
00
93
02
f0
04
23
80
51
00
93
02
00
07
23
80
51
00
93
02
20
07
23
80
51
00
93
02
e0
06
23
80
51
00
93
02
40
06
23
80
51
00
93
02
10
03
23
80
51
00
93
02
a0
03
23
80
51
00
93
02
00
02
23
80
51
00
13
05
04
00
ef
00
00
22
93
02
a0
00
23
80
51
00
37
02
00
20
83
04
02
00
93
94
84
00
37
02
00
20
1b
02
82
00
83
02
02
00
b3
e4
54
00
83
02
0d
00
e3
80
02
fe
83
14
02
00
93
02
f0
04
23
80
51
00
93
02
00
07
23
80
51
00
93
02
20
07
23
80
51
00
93
02
e0
06
23
80
51
00
93
02
40
06
23
80
51
00
93
02
20
03
23
80
51
00
93
02
a0
03
23
80
51
00
93
02
00
02
23
80
51
00
13
85
04
00
ef
00
80
1a
93
02
a0
00
23
80
51
00
83
82
0d
00
e3
8e
02
fe
93
02
10
04
23
80
51
00
93
02
40
06
23
80
51
00
93
02
40
06
23
80
51
00
93
02
a0
03
23
80
51
00
93
02
00
02
23
80
51
00
33
05
94
00
ef
00
80
16
93
02
a0
00
23
80
51
00
93
02
30
05
23
80
51
00
93
02
50
07
23
80
51
00
93
02
20
06
23
80
51
00
93
02
40
07
23
80
51
00
93
02
20
07
23
80
51
00
93
02
10
06
23
80
51
00
93
02
30
06
23
80
51
00
93
02
40
07
23
80
51
00
93
02
a0
03
23
80
51
00
93
02
00
02
23
80
51
00
33
05
94
40
ef
00
80
10
93
02
a0
00
23
80
51
00
93
02
d0
04
23
80
51
00
93
02
50
07
23
80
51
00
93
02
c0
06
23
80
51
00
93
02
40
07
23
80
51
00
93
02
90
06
23
80
51
00
93
02
00
07
23
80
51
00
93
02
c0
06
23
80
51
00
93
02
90
07
23
80
51
00
93
02
a0
03
23
80
51
00
93
02
00
02
23
80
51
00
33
05
94
02
ef
00
80
0a
93
02
a0
00
23
80
51
00
93
02
40
04
23
80
51
00
93
02
90
06
23
80
51
00
93
02
60
07
23
80
51
00
93
02
90
06
23
80
51
00
93
02
30
07
23
80
51
00
93
02
90
06
23
80
51
00
93
02
f0
06
23
80
51
00
93
02
e0
06
23
80
51
00
93
02
a0
03
23
80
51
00
93
02
00
02
23
80
51
00
33
45
94
02
ef
00
80
04
93
02
a0
00
23
80
51
00
93
02
20
05
23
80
51
00
93
02
50
04
23
80
51
00
93
02
d0
04
23
80
51
00
93
02
a0
03
23
80
51
00
93
02
00
02
23
80
51
00
33
65
94
02
ef
00
00
01
93
02
a0
00
23
80
51
00
6f
00
00
06
13
03
a0
00
1b
01
10
00
13
11
f1
01
13
0f
00
00
63
18
05
00
93
02
00
03
23
80
51
00
67
80
00
00
63
00
05
02
13
01
11
00
13
0f
1f
00
b3
63
65
02
93
83
03
03
23
00
71
00
33
45
65
02
6f
f0
5f
fe
63
4c
0f
00
03
05
01
00
23
80
a1
00
13
01
f1
ff
13
0f
ff
ff
6f
f0
df
fe
67
80
00
00
6f
00
00
00